91
867
1432
1685
1819
2167
2494
2870
3527
4917
4944
6992
7231
7510
9746
10967
11028
12388
12490
16561
16780
17134
17218
17805
18044
18403
19859
20315
20320
20435
25313
25850
26168
31291
33058
34086
34459
34594
35903
35931
37298
37299
37431
38482
38961
39446
41064
41184
41591
41593
47693
49377
51234
54948
62268
63005
63831
64410
64460
65272
76409
79235
82881
83494
87310
88547
91229
91263
91836
92284
95100
95502
97718
98964
101148
102907
104777
108215
113391
132183
137227
140550
141710
142090
150450
150452
158744
159739
163436
175416
186200
186592
187762
191375
193651
195767
205093
207528
209889
212416
213464
214608
216550
219248
220141
225712
226643
235419
236847
238697
241741
244377
262194
262637
268387
272145
284458
285570
304416
309758
310290
316874
361283
361348
377461
382905
402510
406502
410403
411815
448610
450417
454282
457169
458748
458919
460550
460868
464444
465046
471338
471906
478246
492506
492626
495540
496954
511310
516990
534493
537268
557228
569454
578448
581720
602395
602731
605908
606926
635278
637698
652159
666054
728678
742910
750873
767667
775050
801124
809503
834427
839898
844903
848198
849841
919832
937008
946668
947867
949156
951058
953241
960194
1011037
1036567
1040964
1092906
1107735
1112173
1128690
1133191
1148193
1177245
1184901
1195883
1197986
1202651
1202853
1211176
1218700
1239079
1305066
1337997
1339108
1343832
1362297
1388057
1454669
1519141
1648213
1649222
1660385
1729256
1740703
1816225
1843869
1852695
1867031
1869368
1906592
1946318
1948311
1957348
1962395
1986105
2014494
2031044
2050506
2088331
2166836
2189976
2238688
2266235
2278318
2310559
2313830
2348093
2354237
2356795
2491930
2517790
2517817
2519970
2539154
2565413
2569014
2592426
2592715
2605591
2673730
2873509
2912076
2976295
3137917
3286924
3294832
3299330
3323709
3549640
3571883
3577531
3700629
3875157
4015004
4319750
4345149
4392837
4574898
4690410
4715933
5309289
6313651
6688902
6801301
7085241
7916136
8251358
10371452
14064337
17841579
