]633;E;while read id\x3b do   echo "---- id: $id ----"\x3b   grep -n "^$id," relicness_merged_extras.csv | head -n 5 || echo "not found in extras by exact prefix match"\x3b done < missing_extras_sample.txt > missing_extras_row_samples.txt;1cceed46-8f4c-4a3f-a23c-9d160f90a154]633;C---- id: 53 ----
92:53,2957389,11.604980228625,6.9942794556625,0.2020139920359369,5.587013992035937,5.385,8.287013992035938,8.085,9.287013992035938,9.085,9.617013992035936,9.415,12.057013992035936,11.855,12.057013992035936,11.855,0.2282411552653142,0.2282411552653142,0.0618429189857761,0.1896792680314136,0.1599211140941679,5.0756169728,1.8109151232,0.0138650752,0.0052718016,0.0526927904,0.0142687472,0.0059484972,0.0061470532,0.0084220936,3.5518388671875e-07,1.0073800659179689e-07,3.525868988037109e-09
---- id: 107 ----
2452:107,15773677,14.3895721424125,8.50747551019375,0.213392375159902,1.948392375159902,1.735,2.438392375159902,2.225,2.748392375159902,2.535,3.248392375159902,3.035,5.038392375159902,4.825,5.038392375159902,4.825,0.9503457089087772,0.9503457089087772,0.2247191011235955,0.7003520377077169,0.6251389492466966,6.2180724736,2.177073152,0.0132777704,0.004855622,0.0592707584,0.015693344,0.0065827116,0.0061428208,0.0060759404,2.0408385009765626e-07,6.67451904296875e-08,2.896516418457031e-09
---- id: 134 ----
250:134,4819136,45.4752473834375,27.20775404938125,0.2193435937900787,2.044343593790079,1.825,5.314343593790079,5.095000000000001,8.834343593790079,8.615,9.87434359379008,9.655,13.50434359379008,13.285,13.50434359379008,13.285,0.647708306416826,0.647708306416826,0.0981354268891069,0.0858013077700888,0.2772150136920072,19.928686592,6.9453070336,0.0399191584,0.0149750192,0.1724340352,0.045424736,0.019263656,0.01867992,0.02101944,7.0711103515625e-07,2.211893798828125e-07,9.678524017333984e-09
---- id: 221 ----
431:221,35779442,205.41319481010623,123.00795912348435,0.1724231913096794,2.5674231913096794,2.395,4.467423191309679,4.295,8.28742319130968,8.115,10.13742319130968,9.965,13.607423191309678,13.435,13.607423191309678,13.435,0.6173572611365462,0.6173572611365462,0.1164144353899883,0.0749050182321877,0.2695589049195741,90.8143427584,31.0322200576,0.1326855424,0.0473901376,0.6177071616,0.1585137152,0.0690817536,0.0648315136,0.0657181312,1.9911806640625e-06,6.585427734375e-07,2.9787213134765624e-08
---- id: 333 ----
416:333,35383837,14.591424705,8.732020014825,0.1793932624331535,2.6943932624331537,2.515,6.294393262433154,6.115,8.844393262433154,8.665000000000001,9.884393262433154,9.705,13.114393262433154,12.935,13.114393262433154,12.935,0.5489661251296571,0.5489661251296571,0.0817661488143908,0.1112259833585249,0.2473194191008576,6.4129507328,2.2209552384,0.0119364952,0.0043432848,0.0502919744,0.0133626416,0.0055483024,0.0054575356,0.0064828408,2.4157197265625e-07,7.869143676757814e-08,2.9328145980834963e-09
---- id: 345 ----
819:345,47590126,10.767390728925,6.40329261780625,0.2166714440495365,2.4316714440495364,2.215,4.521671444049536,4.305,5.521671444049536,5.305,6.171671444049537,5.955,12.921671444049537,12.705,12.921671444049537,12.705,0.6156735651358078,0.6156735651358078,0.1161440185830429,0.1279336273166402,0.2865837370118303,4.7146196992,1.62268416,0.0079022952,0.0029164692,0.0343973472,0.0090062848,0.003821702,0.0036570968,0.0039415348,1.3305946044921876e-07,4.5258740234375e-08,1.8182907104492186e-09
---- id: 346 ----
738:346,45970739,17.7402918323625,10.59079786195,0.2054372966155977,3.440437296615598,3.2350000000000003,4.850437296615597,4.645,8.050437296615598,7.845000000000001,9.220437296615597,9.015,11.800437296615598,11.595,11.800437296615598,11.595,0.4659864467058548,0.4659864467058548,0.1076426264800861,0.208566169897109,0.26073174769435,7.7516070912,2.7079985152,0.0164818416,0.0060544016,0.0662021376,0.0176811104,0.00729672,0.0073214,0.0090618704,3.593982666015625e-07,1.175165771484375e-07,4.107565307617188e-09
---- id: 397 ----
1535:397,68996331,68.562181479325,41.002092562175,0.2127522715609515,2.697752271560952,2.4850000000000003,4.947752271560952,4.735,8.277752271560953,8.065000000000001,10.067752271560952,9.855,13.39775227156095,13.185,13.39775227156095,13.185,0.581374293539944,0.581374293539944,0.1055966209081309,0.0930655007953564,0.2600121384144771,30.1484212224,10.411831296,0.053376896,0.0197630544,0.2257033728,0.059097312,0.0249788144,0.0248736816,0.0305863008,1.13534931640625e-06,3.626164306640625e-07,1.3528845214843751e-08
---- id: 424 ----
1236:424,61548183,10.2433359609875,6.18303533224375,0.2233722137130858,5.848372213713086,5.625,6.838372213713086,6.615,7.208372213713086,6.985,10.018372213713086,9.795,13.618372213713087,13.395,13.618372213713087,13.395,0.1223714039412076,0.1223714039412076,0.0755857898715041,0.0778106954422945,0.0919226297516688,4.498673664,1.5946037248,0.0113962088,0.0042363868,0.044860352,0.0119683104,0.0050223832,0.0050459692,0.0064081084,2.439570068359375e-07,8.084546508789064e-08,2.8308046340942383e-09
---- id: 429 ----
1431:429,65363514,2.8987162121125,1.71542869725,0.2186745341500788,2.123674534150079,1.905,2.413674534150079,2.1950000000000003,2.553674534150079,2.335,2.863674534150079,2.645,10.633674534150078,10.415,10.633674534150078,10.415,0.9542397958850786,0.9542397958850786,0.2277904328018223,0.2942836475952653,0.4921046254273887,1.2604148736,0.4359940096,0.0023197636,0.00083323195,0.0098940488,0.0026527884,0.0010902442,0.0010369098,0.0010943815,3.7999206542968754e-08,1.3449450683593751e-08,5.173824787139891e-10
---- id: 444 ----
1322:444,6689791,134.9069209259875,81.627314965575,0.2076318984446103,3.5226318984446108,3.3150000000000004,7.112631898444611,6.905,10.03263189844461,9.825,11.912631898444612,11.705000000000002,13.71263189844461,13.505,13.71263189844461,13.505,0.4555245147115321,0.4555245147115321,0.0724112961622013,0.0698200831145005,0.1992519646627446,60.1268224,20.6715846656,0.0991032768,0.0356516544,0.4314279936,0.1121616,0.0475542816,0.0460087936,0.0514679008,1.778098828125e-06,6.1515126953125e-07,2.3463589477539066e-08
---- id: 463 ----
1777:463,76775106,78.12481928525,47.2177841236875,0.2114511840101869,3.326451184010187,3.115,5.446451184010187,5.235,10.506451184010189,10.295000000000002,12.226451184010187,12.015,13.696451184010186,13.485,13.696451184010186,13.485,0.4896802923622607,0.4896802923622607,0.0955109837631327,0.0712729217195539,0.2188213992816491,34.6795474944,12.0099749888,0.064454848,0.0236652224,0.2719405056,0.0715852928,0.0301927168,0.0294280576,0.03339768,1.22013310546875e-06,3.95492138671875e-07,1.5407640075683594e-08
---- id: 549 ----
2071:549,87358807,12.730482578975,7.62875483199375,0.2237206503112769,4.378720650311277,4.155,5.4887206503112775,5.265000000000001,6.718720650311277,6.495,9.43872065031128,9.215000000000002,13.428720650311275,13.205,13.428720650311275,13.205,0.2791914505479941,0.2791914505479941,0.0949667616334282,0.0916126621903028,0.1552569581239084,5.5812112384,1.9525574656,0.0121974864,0.004464042,0.0473224672,0.0126972952,0.005218862,0.0053010596,0.0068685456,2.8990537109375e-07,9.576903686523439e-08,3.0684894561767572e-09
---- id: 814 ----
2250:814,11188090,31.6411953048625,18.8460803690875,0.2051211918143725,2.3201211918143727,2.115,3.9901211918143726,3.785,6.190121191814373,5.985,7.950121191814373,7.745,13.330121191814374,13.125000000000002,13.330121191814374,13.125000000000002,0.6524508504365812,0.6524508504365812,0.1321003963011889,0.0974240166105167,0.2939917544494289,13.922082816,4.752615424,0.020172616,0.0072981832,0.0902389952,0.02340172,0.0099957192,0.0094553072,0.0099831792,3.57435400390625e-07,1.2259278564453125e-07,4.636825180053711e-09
---- id: 864 ----
2551:864,18155653,15.6482906348125,9.35610224795,0.2127522715609515,3.207752271560952,2.995,5.207752271560952,4.995,7.207752271560952,6.995,7.857752271560952,7.645,13.577752271560952,13.365,13.577752271560952,13.365,0.5184409415781027,0.5184409415781027,0.1001001001001,0.0799899533498748,0.2328436650093592,6.8553945088,2.3887017984,0.0141014864,0.0052054092,0.056534272,0.0151447536,0.0062608548,0.0062392048,0.0075918368,3.05794677734375e-07,9.712442626953124e-08,3.4190135955810552e-09
---- id: 10078 ----
2732:10078,24582245,78.012724648125,46.82925159795,0.2166714440495365,2.7616714440495365,2.545,4.961671444049537,4.745,8.601671444049536,8.385,10.781671444049536,10.565,13.661671444049537,13.445,13.661671444049537,13.445,0.5813765903594175,0.5813765903594175,0.1053740779768177,0.0741785989296609,0.253643089088632,34.3981719552,11.907551232,0.062521472,0.0235532608,0.2694279168,0.0703910336,0.0301980192,0.0295584096,0.0343531424,1.15740537109375e-06,3.56117529296875e-07,1.536158447265625e-08
---- id: 10241 ----
2375:10241,14585119,5.8225569709,3.52473634845,0.284980963196114,4.799980963196115,4.515000000000001,7.149980963196114,6.865,9.859980963196117,9.575,11.599980963196112,11.315,13.629980963196116,13.345,13.629980963196116,13.345,0.1717364737408378,0.1717364737408378,0.0728332119446467,0.0814427919549283,0.1086708258801376,2.542513152,0.9203456,0.0078031728,0.0031453432,0.0299238592,0.0080324048,0.0034258952,0.00360133,0.0052293804,2.0135521240234374e-07,5.5280029296875e-08,2.119649314880371e-09
---- id: 10451 ----
2552:10451,18155654,7.823414085725,4.67123002104375,0.2681758752589758,3.093175875258976,2.825,3.983175875258976,3.715,5.283175875258976,5.015000000000001,8.523175875258975,8.254999999999999,13.543175875258976,13.275,13.543175875258976,13.275,0.5694400555271971,0.5694400555271971,0.1345895020188425,0.0865277270726155,0.2635190948728851,3.4254426112,1.1913782272,0.0069232792,0.0025417582,0.027447808,0.0073584976,0.003025329,0.003009817,0.0036413108,1.6176065673828129e-07,5.186607666015626e-08,1.6709861755371091e-09
---- id: 10916 ----
2251:10916,11204089,19.0916566827625,11.3973058547875,0.2889187698782791,3.453918769878279,3.165,5.27391876987828,4.985,8.03391876987828,7.745000000000001,9.09391876987828,8.805,9.93391876987828,9.645,9.93391876987828,9.645,0.4733715676634937,0.4733715676634937,0.1003009027081243,0.3502179338898248,0.3079634680871476,8.3255820288,2.922083328,0.0187675136,0.0069551784,0.0746273664,0.0200213024,0.008293232,0.0084618016,0.0111374168,4.51454931640625e-07,1.3725799560546874e-07,4.77789306640625e-09
---- id: 11876 ----
275:11876,5453348,23.8126516350875,14.30884937991875,0.2432560920073054,2.8582560920073057,2.615,5.6582560920073055,5.415,7.888256092007306,7.645,11.468256092007303,11.225,13.688256092007306,13.445,13.688256092007306,13.445,0.5504120147024038,0.5504120147024038,0.0923361034164358,0.0741785989296609,0.2389755723495001,10.5284542464,3.6290428928,0.0181151296,0.0066191904,0.0788300544,0.0207106928,0.0087602328,0.008391088,0.0090694208,3.118640869140625e-07,1.05254833984375e-07,4.186071395874024e-09
---- id: 12015 ----
217:12015,3967503,34.5948555501625,20.60403715589375,0.256198041825856,2.471198041825856,2.215,3.911198041825856,3.655,5.911198041825856,5.655,7.291198041825856,7.035,13.391198041825856,13.135,13.391198041825856,13.135,0.6728744430392095,0.6728744430392095,0.1367989056087551,0.0966975973079901,0.3021236486519849,15.158747136,5.227958272,0.0263600496,0.0096636808,0.1127969536,0.0297044768,0.0124622064,0.011950316,0.0130564936,4.86889013671875e-07,1.639891845703125e-07,6.100202178955078e-09
---- id: 12262 ----
110:12262,29488407,1.8273625382375,1.08840101945,0.3369631195062812,3.831963119506281,3.495,4.7419631195062815,4.405,5.811963119506281,5.475,6.5719631195062815,6.235,8.31196311950628,7.975,8.31196311950628,7.975,0.3186729124775432,0.3186729124775432,0.1135073779795686,0.4715299574117915,0.3012367492896344,0.7850259968,0.2843081216,0.0024037818,0.0009682012,0.0093018256,0.0024521464,0.0010620963,0.00108901,0.0015599492,6.140885009765624e-08,1.9948219299316408e-08,6.290195941925049e-10
---- id: 12480 ----
83:12480,2723050,16.4824480992125,9.86510153589375,0.2507965377315315,4.795796537731532,4.545,6.255796537731531,6.005,6.835796537731532,6.585,7.315796537731532,7.065,11.245796537731533,10.995,11.245796537731533,10.995,0.2264593368181658,0.2264593368181658,0.0832639467110741,0.2521513280487139,0.1872915371926512,7.1867080704,2.5397907456,0.0178557648,0.006577842,0.0689260992,0.0185802688,0.00769296,0.0077900224,0.009890352,4.159474609375e-07,1.303341552734375e-07,4.352827835083008e-09
---- id: 12641 ----
1379:12641,8375568,559.2931042424125,337.0104093328437,0.1965589094577176,3.5915589094577176,3.395,6.831558909457717,6.635,9.561558909457718,9.365,11.161558909457716,10.965,13.611558909457717,13.415,13.611558909457717,13.415,0.464160682837968,0.464160682837968,0.0753579502637528,0.0763578568372412,0.2052921633129873,247.2236285952,85.7911066624,0.4675380736,0.167268736,2.096229376,0.5435367424,0.2378279424,0.2244134656,0.2371593472,7.172471875e-06,2.3478150390625e-06,1.0258438720703125e-07
---- id: 12889 ----
2268:12889,11596390,6.76906323315,4.05419975528125,0.2911480170813849,3.876148017081385,3.585,4.9361480170813845,4.645,7.446148017081385,7.155,8.976148017081385,8.685,13.386148017081386,13.095,13.386148017081386,13.095,0.294767495534457,0.294767495534457,0.1076426264800861,0.099603274518097,0.1673377988442134,2.944073728,1.048547328,0.00778934,0.0030052946,0.0302182528,0.0080789184,0.0033973724,0.0035296,0.0049157164,1.96962109375e-07,5.7225030517578133e-08,2.0749597549438475e-09
---- id: 12930 ----
1372:12930,8316094,9.237761497725,5.4769757919375,0.2334556645841434,2.498455664584144,2.265,4.208455664584144,3.975000000000001,4.828455664584144,4.595000000000001,5.058455664584144,4.825,5.858455664584144,5.625,5.858455664584144,5.625,0.5780150355150957,0.5780150355150957,0.1257861635220125,0.642238493505577,0.4486798975142284,4.0054755328,1.4011485184,0.0085660856,0.0031417488,0.0365117504,0.0097260008,0.0040568552,0.0038775136,0.0041007992,1.43625048828125e-07,4.7633551025390634e-08,1.931667137145996e-09
---- id: 13033 ----
91:13033,2939243,5.7964148514,3.4992216403,0.2689907379200118,4.753990737920012,4.485,5.733990737920012,5.465,9.543990737920012,9.275,11.493990737920011,11.225,13.673990737920011,13.405,13.673990737920011,13.405,0.2590754020866526,0.2590754020866526,0.091491308325709,0.0770842761397679,0.1425503288507098,2.52849152,0.9114713088,0.007519588,0.0029866286,0.0287897344,0.0077391832,0.0033013072,0.0034348476,0.004836004,1.893691650390625e-07,5.137411499023437e-08,1.989294242858887e-09
---- id: 13057 ----
1380:13057,8375577,6.7375159259875,4.01572405946875,0.2811113206566666,4.346111320656667,4.065,5.146111320656667,4.865,5.486111320656667,5.205,5.676111320656666,5.395,6.256111320656666,5.975,6.256111320656666,5.975,0.2754621418134876,0.2754621418134876,0.1027749229188078,0.616813817917141,0.3316836275498121,2.923121664,1.0348141568,0.0073539728,0.002681628,0.0292028,0.0078502152,0.0032417182,0.0031944298,0.0037833636,1.57268603515625e-07,5.1828118896484376e-08,1.7345401763916015e-09
---- id: 13088 ----
2701:13088,23436586,16.1478087927625,9.5720954445125,0.2069976079638866,2.3719976079638867,2.165,3.261997607963887,3.055,4.771997607963887,4.565,5.641997607963887,5.4350000000000005,9.131997607963886,8.924999999999999,9.131997607963886,8.924999999999999,0.7549495437494868,0.7549495437494868,0.1636661211129296,0.4025201236717506,0.4403785961780557,7.0411329536,2.4291524608,0.0122813152,0.0044777264,0.0529662272,0.0139963584,0.0057933656,0.0055656824,0.0061361712,2.2727509765625e-07,8.042816162109376e-08,2.890777587890625e-09
---- id: 13159 ----
276:13159,5498765,9.5014183504375,5.7055819159875,0.2331022483127132,5.078102248312714,4.845000000000001,6.308102248312713,6.075,7.348102248312713,7.115,8.848102248312713,8.615,12.858102248312717,12.625000000000002,12.858102248312717,12.625000000000002,0.1536394672165217,0.1536394672165217,0.0823045267489712,0.133744981736854,0.1232296585674489,4.1630797824,1.4658323456,0.0099519832,0.0036834944,0.0378406976,0.0102415336,0.0042243228,0.004326734,0.005638566,2.470216064453125e-07,7.44375244140625e-08,2.459794044494629e-09
---- id: 13186 ----
2610:13186,20369760,6.186886787675,3.73173784330625,0.3160945209074661,4.331094520907467,4.015000000000001,8.141094520907465,7.824999999999999,9.961094520907466,9.645,10.931094520907466,10.615,13.231094520907464,12.915,13.231094520907464,12.915,0.2927745479977824,0.2927745479977824,0.0638977635782747,0.1126788219635785,0.1564503778465452,2.717519872,0.9615537152,0.0068016808,0.0025518942,0.0256890752,0.006963796,0.0028724632,0.0030010768,0.0042062584,1.7310457763671878e-07,5.2437939453125e-08,1.791914367675781e-09
---- id: 13366 ----
2607:13366,20279017,14.834207774,8.85663683189375,0.2601215309605038,3.525121530960504,3.265,5.745121530960504,5.485,7.945121530960504,7.685,8.495121530960503,8.235,10.645121530960504,10.385000000000002,10.645121530960504,10.385000000000002,0.463456885783269,0.463456885783269,0.0911577028258887,0.2964629055028454,0.2836924980373344,6.4917942272,2.2595434496,0.0131214864,0.0047738288,0.0535708736,0.0141918016,0.0059124876,0.0058507036,0.0070394248,2.792980712890625e-07,9.374549560546876e-08,3.1822160720825197e-09
---- id: 13429 ----
1387:13429,8429404,4.1884906281375,2.5121536261,0.282415983932113,4.097415983932113,3.815,7.237415983932113,6.955,8.787415983932114,8.505,9.087415983932114,8.805000000000001,10.067415983932111,9.785,10.067415983932111,9.785,0.3020009959321496,0.3020009959321496,0.0718907260963335,0.3400480636544503,0.2379799285609778,1.8237974528,0.6499036672,0.0049623348,0.0018593382,0.0188106608,0.0051419232,0.0020972632,0.0021897146,0.003000231,1.2581903076171878e-07,3.6354339599609384e-08,1.276229667663574e-09
---- id: 13444 ----
2341:13444,13372721,13.86995529975,8.36904244155625,0.2665239906698708,4.981523990669871,4.715,6.301523990669871,6.035,7.901523990669871,7.635,10.991523990669872,10.725,13.66152399066987,13.395,13.66152399066987,13.395,0.2011327446888227,0.2011327446888227,0.0828500414250207,0.0778106954422946,0.1205978271853793,6.1040873472,2.1513320448,0.0146752704,0.0054445268,0.0561670464,0.0151542208,0.0062765124,0.0064166604,0.0083923744,3.61787451171875e-07,1.094901611328125e-07,3.6560161590576165e-09
---- id: 13468 ----
45:13468,1686610,7.371375322925,4.65052432055,0.2790080393036067,8.064008039303607,7.785,11.614008039303606,11.335,12.994008039303608,12.715000000000002,13.204008039303606,12.925,13.724008039303609,13.445,13.724008039303609,13.445,0.0648516943101207,0.0648516943101207,0.0441111601235112,0.0741785989296609,0.0610471511210976,3.3771401216,1.2028512256,0.009126592,0.0034408544,0.034370512,0.0093112008,0.0038705296,0.0040481432,0.005605356,2.3140908203125e-07,6.619612426757812e-08,2.3568119049072267e-09
---- id: 13503 ----
2342:13503,13377692,45.4181408864125,27.14503500156875,0.2076318984446103,2.5326318984446106,2.325,4.05263189844461,3.845,6.58263189844461,6.375,9.62263189844461,9.415,13.60263189844461,13.395,13.60263189844461,13.395,0.6212622854308398,0.6212622854308398,0.130039011703511,0.0778106954422946,0.2763706641922152,19.8921371648,6.9254725632,0.0397396896,0.0146374016,0.1698073088,0.044768832,0.0189584112,0.0181179904,0.0195441856,6.57706689453125e-07,2.25928466796875e-07,9.051723480224611e-09
---- id: 13560 ----
2609:13560,20352249,30.586700438475,18.229073521575,0.2665239906698708,3.4015239906698707,3.135,4.851523990669871,4.585,6.321523990669871,6.055,7.051523990669871,6.785,12.311523990669873,12.045000000000002,12.311523990669873,12.045000000000002,0.4789261074344527,0.4789261074344527,0.109051254089422,0.1758773012834053,0.2546182209357601,13.3566783488,4.6534193152,0.0274513536,0.0099195024,0.1116056448,0.0297779616,0.0123025928,0.0120742368,0.0141631232,5.5677509765625e-07,1.9170035400390627e-07,6.48116455078125e-09
---- id: 13752 ----
93:13752,2974318,10.303146124025,6.17539636646875,0.2885140651547822,4.373514065154782,4.085,6.883514065154783,6.595000000000001,8.173514065154782,7.885,8.483514065154782,8.195,12.303514065154785,12.015,12.303514065154785,12.015,0.364721312455481,0.364721312455481,0.0758150113722517,0.1780565591909857,0.2061976276729061,4.5007818752,1.5889755136,0.0110183008,0.004099992,0.0421049568,0.011393448,0.0046935016,0.004850142,0.0065872816,2.805091796875e-07,8.485775756835938e-08,2.811806297302246e-09
---- id: 13768 ----
226:13768,4154503,9.5638942696875,5.79727584230625,0.2515451244750064,5.706545124475007,5.455,7.306545124475006,7.055,9.226545124475006,8.975,11.386545124475006,11.135,13.706545124475008,13.455,13.706545124475008,13.455,0.1974773072158515,0.1974773072158515,0.070871722182849,0.0734521796271341,0.1139337363419449,4.2132606976,1.4980068352,0.0110859648,0.0042198596,0.0418910112,0.0113350008,0.0047069032,0.0049185756,0.006908516,2.855763671875e-07,8.3739306640625e-08,2.904814529418945e-09
---- id: 13848 ----
2345:13848,13554197,8.985906361325,5.41712385484375,0.2569762843689762,2.261976284368976,2.005,6.1219762843689765,5.865,10.171976284368975,9.915,11.761976284368975,11.505,13.701976284368977,13.445,13.701976284368977,13.445,0.6146414359945657,0.6146414359945657,0.0852514919011082,0.0741785989296609,0.2580238422751116,3.9631396864,1.3860118528,0.008451628,0.0031549112,0.03404728,0.0091286456,0.0037694236,0.0038509256,0.0050081284,1.7336361083984379e-07,5.502208862304687e-08,2.249456405639648e-09
