348756
2791241
405409
185279
744248
194850
162463
12266
14792
6669
93530
4584956
97429
811593
7422
23711
382284
388756
137
74443
222289
235160
1641424
7510
392069
395331
25454
103044
185254
2450
104188
184603
62614
12
194846
426269
419528
12384
194664
424076
14785
203043
1811474
17066
476467
172779
23475
100031
495135
24132
498622
1041141
25447
103396
2556
496129
397394
79080
35
1731832
881311
1033
11553
82138
12015
12178
83370
434785
87007
1500
208774
172763
100221
2222
494741
229049
993460
2261
101274
102042
498776
24557
25961
180533
194406
83494
11518
1737673
14566
14649
16661
1459
1835283
944125
17662
20927
3313241
1777
1757
19027
217324
471061
1924
96233
96307
1011392
100328
23249
229720
238322
25287
503446
507222
7605
7610
77472
80757
419877
884010
10492265
1771711
435097
201230
1286
89170
199552
1368
1896059
962749
217320
217547
1000298
3321738
98883
996175
134
493361
1974012
23465
25142
25178
411963
7598
11000
975
190937
83118
12185
11381
80760
12642
196242
201039
13641
1283
202897
17147
948671
226775
1000246
995106
23649
2226
2560
104777
2496
25614
236599
104639
25783
23916
9579
1681563
9581
189872
76848
12490
83855
11696
28
189751
1085
13525
197137
12675
1782066
12680
14047
905367
86650
91229
458677
1862941
95621
219406
93667
19940
94652
477668
226643
98658
481813
102776
504483
2376
24809
503453
236847
511310
500776
78378
21
407064
414817
422235
423945
12930
415368
198185
14295
88547
458748
455668
17134
459035
1843714
16180
19859
20735
20960
466285
20944
2116
492506
1930950
21715
2498
2540
24000
8456007
239129
9862
7826
77135
7942
10879
80679
414877
193715
12414
83271
82736
1726214
12172
13175
6105192
89117
15765
210933
1817843
92796
18408
1617
460550
90327
215595
218204
20173
95236
970895
1728
123
99455
99721
23680
26681
3439832
233428
231344
104782
24938
856050
10372
80358
684
7957
7987
830991
1270
201115
13503
893437
895439
200707
14812
442355
15531
3259950
205093
17574
15398
91712
946043
18276
18452
92042
937182
476048
107
20343
94395
965234
969878
18780
476152
98964
998437
480700
1925939
4630167
24779
26581
857233
840684
1665578
853349
834150
12083
83504
12521
195974
14223
436894
1787632
88562
207155
89105
923623
17805
1541
91352
91399
17627
91747
17896
18005
18413
1870301
19090
1914
2015
2042
23157
228085
998247
21352
21728
140
1011238
232911
102493
143
23881
24039
103252
182834
865839
12508
436753
84576
14314
15390
206738
3274785
17344
1479
455472
212583
462766
16215
91422
1536
17218
450315
18621
18454
217714
1893777
23613
492598
21257
482646
24148
233626
24253
498846
1984335
24489
836206
77884
182731
1657819
77645
5954186
7
831709
1095
12100
12054
1767977
205956
15075
443260
206075
90924
93127
449979
1859916
1831695
93807
960927
17356
92762
963091
1926
4579276
95181
980517
217513
994123
21768
21569
481507
481574
234447
510647
2379
1027827
9315
25579
8734
8961
12333
857286
11432
13229
911543
1487
931484
1876121
18035
1872720
18028
949133
214617
209864
476574
20991
21069
958024
218406
965198
221517
21979
488158
999694
23083
97329
102052
2440
11031625
2298
231787
499964
1997125
233056
7997
849654
8818
826248
7781
7872
9442
871274
190782
195081
13545
85297
1317
14716
14823
87242
203707
934854
931301
949984
218473
21044
93250
20354
3349386
22395
98619
996113
997271
977471
22676
98568
227161
606737
225462
21692
151
499841
24904
1049615
1046919
26975
239373
513546
105150
9447
10743
857254
2893
421115
1314
912817
1350
440269
15438
273895
936642
1172843
37778
218800
1898333
95394
1006561
288522
290502
2453
10078
1047699
2889
115022
443456
15126
14757
266367
3663
121928
122201
595694
218068
122
19217
41035
277478
284458
4187
1950115
287280
4401
613188
29313
1097724
2948
1079454
31425
112034
539693
2128042
29653
550856
115183
33645
35837
265654
120941
1447
122191
280189
38707
39615
588039
39580
39849
602667
1223560
40383
41371
285570
606212
617148
4243
2414975
4436
241464
27746
525921
27681
1048479
2797
531766
264308
267413
3588
3593
36259
3612
36175
2310358
39365
588161
2296063
582489
277046
38961
602429
602395
42276
602731
41250
127589
130989
2763
524501
107064
253508
114730
2151526
34008
2193425
3625
2306899
123805
595623
591229
1192612
4128
41253
607693
41966
44095
293197
620259
1249937
1247753
616429
28592
526590
3471263
107606
111930
11299390
113299
113996
32482
113213
116543
1130759
37098
577752
3664579
590565
4131
293392
43303
43345
43611
2768
2405702
1061983
109072
30891
3329
561116
119650
119652
570828
120443
274309
39551
1192409
39457
2299855
1190930
284818
285165
2348093
41552
41881
286470
292133
131995
240527
27296
2689
2685
108595
1069568
2131872
248639
3088
1097905
252901
1098003
30183
203
29967
2176118
117491
567158
118354
264196
1166700
574894
3871
124006
585532
587134
4341
42291
43130
43484
43110
245505
2815
108318
1253127
27688
106569
242048
246666
243405
2072691
30450
29765
258634
554246
547494
549684
3483
114191
3505
1138321
120379
120509
2256303
3681
40091
1196895
39462
127156
1241948
3737076
295120
1256568
288646
610804
29125
245720
29205
27910
242553
246724
30951
27837
252203
110769
109939
1082525
3142
31712
31834
112514
112637
253925
536322
32763
263882
3502
118488
273825
3617391
1188948
40562
286693
42308
1257400
294512
621778
294343
333
243578
522872
43792
28291
28663
27360
27361
110409
3030
1086402
3263
114407
258026
33241
263389
265157
1164129
2303453
123402
5008690
3870
2285403
2371674
40638
1233055
251739
31165
2114326
254746
2154906
34118
1136497
565854
5004927
586019
587155
43373
42530
44127
2790
520379
527425
1085786
110570
542544
255397
33103
3544841
551767
116590
263044
1136425
1148466
120043
36353
3831
38181
38182
282028
3690937
43239
291268
130619
129333
131849
131708
28746
2698
1060738
537404
3056
33437
32301
34839
261996
1168629
37431
1167411
121660
3859
38535
582171
38625
1208059
126720
126855
284295
6411602
6411659
27785
27145
27386
106678
2991
248852
110495
197
109122
31582
254702
32326
32168
117048
2192493
267617
2230252
37833
2274195
2274308
273556
39170
125841
1179579
122416
125298
38223
38569
1221174
129661
42536
42402
44037
622589
4744371
28529
527749
3003
136805
31005
252333
532453
533065
3028
1102712
113061
120411
37296
270920
37561
581214
38324
275211
38750
3649725
285658
604238
46445
298412
628861
243904
307119
30260
29803
115814
115874
115775
542350
1104384
1104405
1309705
49188
1123473
51082
118323
3571883
145106
263116
3586
35425
324614
578205
1171704
324394
125713
2276126
38671
38433
4010
2368722
58750
338215
1436344
155147
290271
133610
46078
133204
4716
2465614
138127
138247
307609
4638
301648
648829
2547698
140952
1338299
3540211
51783
2559642
671522
146226
324337
56194
405
54850
328560
1382810
2643685
5570
334148
150956
55279
328522
705970
342998
59531
135713
638424
48046
345
1307534
4887
139030
314340
138433
48750
138991
651465
48958
50299
312634
658340
51451
2581897
316623
667547
142828
54170
150616
54809
1423833
5182157
45104
303465
4730
4657
138003
646114
4668
48144
48806
138724
51434
1339439
53544
2632184
56202
56779
150008
1395742
5731
711254
718248
5796
1424060
133065
137305
4699
136251
4921
50690
2523418
142170
5159
143084
323549
323661
3919177
5473
147597
334294
334276
148686
150947
696290
337794
5851
57731
59040
344924
4484
2467364
137985
362
50585
1334064
52546
51632
1355362
53785
326705
5633
2663038
340002
425
335830
155072
299600
46061
3783399
45950
45721
1290813
47358
47935
50586
141652
139032
309199
50438
319646
145633
52727
1360210
55136
328165
329543
56209
153421
707215
152012
58169
59071
154264
726526
716074
301038
295382
132647
1272707
2449575
132985
133642
135617
49115
7004998
139766
311077
140509
1342704
50432
1352524
52373
144095
1352819
142121
5068
679242
677237
684993
55229
1390338
5966
631758
134690
4546
299344
1293101
642520
1294014
47693
640510
47863
47890
307326
2531568
50004
1327946
48591
139893
4996
5171
50378
50532
50775
147145
53176
54277
1406104
149419
688487
334928
57762
58701
341648
343637
60023
725820
634940
4588
300174
1277093
45132
297991
634074
48140
2518952
138441
2545569
141261
1349320
144236
664061
3913617
52941
53398
1356639
5458
55669
145179
712705
4002866
725371
154122
2738578
345204
45768
297625
2437940
47319
47600
4893
4937
313100
313112
379
49412
139843
50829
51721
51066
2604197
2602874
145202
56336
2687587
57974
429
1428512
2712249
723383
1442110
634665
2425601
2517870
4940
653654
4917
51511
5223
51982
53255
53820
53819
682588
1391585
55968
148842
5612
414
56655
333549
1424857
710308
60260
632443
627733
138049
4647
142717
1338305
5227
52083
682784
146762
53810
53972
2631730
149633
55965
2679391
336656
5756
4029657
721982
2443164
47827
137042
6991770
660992
143423
143384
1345884
143666
143382
146039
54095
682236
146384
53451
146543
1376186
55065
150062
56218
58199
20379822
5627
56987
336158
340024
153733
339209
153883
723230
59574
624456
624966
297036
297111
627269
1272779
4529
631364
46984
1316768
306595
140683
49764
5432
684104
326616
684934
334582
55124
693192
5712
57769
153297
1451642
721727
1442494
1270046
1270973
47414
48424
4998
312812
52608
143933
317509
69710
53049
397
145475
56402
328020
785235
332153
3988482
336821
704250
717790
133567
2471745
6266
51170
52649
368672
5256
67844
69528
69606
2656031
148755
330108
1577543
73281
708494
339532
58804
74997
729784
61811
4621
1304325
162505
2900888
772606
2921640
166815
67306
6818
773163
69128
69297
168877
171425
1583020
72513
180096
391187
1451575
180301
74708
5521201
61152
729269
367224
772309
6808
70078
7158
71573
4232333
73141
386915
1608482
7317
391218
389771
61779
454
61400
157498
159250
62763
353394
161290
1490630
164572
16559009
164279
494
6546
362546
1517338
66742
1508898
6913
167950
68808
784221
372430
779938
71470
530
71402
6994
171673
172142
385504
810163
383285
7542
5836674
75291
75848
727971
61782
2807802
346464
748916
62804
6334
362789
1514341
163436
65785
2880496
166311
68257
369958
1544236
379747
7060
6949
6992
174152
383198
3035546
7370
382905
387190
74914
178035
162116
63051
759821
488
163787
65907
768700
67452
366013
67294
6771
69491
1560704
373772
1553337
172049
170659
1580905
7092
70571
7024
541
384451
1630414
7503
75154
818157
6126
6133
157890
744048
165362
6624
360462
67179
66935
374783
172500
378219
378284
378308
3000447
800819
390635
815369
816850
727103
162705
161809
748365
748374
160691
162936
1502116
6474
6476
1508646
487
165237
4126961
68210
2924897
2908796
367140
66997
509
6805
68895
168706
378115
72652
71534
7259
7337
1608934
822649
177942
1622818
734320
65134
64897
1505746
369621
780333
372137
72929
72931
177037
800330
386766
1632707
1635760
179390
7466
389963
6155
61127
4107179
64814
163401
65021
65539
768464
70729
1582549
73878
174345
811042
174793
1635868
349449
750387
160741
746056
63957
64072
481
165169
762954
762982
359181
66061
67854
168374
72262
73318
733130
1482231
2836922
161892
62671
359248
757639
69849
170007
74342
3062050
394580
391889
814665
347615
1468418
62848
353092
5562609
763171
6664
375163
170387
170508
168887
70275
7182
1603869
60799
64542
354634
6301
762083
66496
6759
68452
169148
371826
1582670
7407
175497
824684
391821
822020
156841
64105
161538
64225
63186
364941
6647
2905613
1527311
175502
806797
3058380
76284
825004
819490
6080
349084
62129
1490175
64405
1494837
751169
1505493
774314
378001
173066
7274
806435
1604607
5812773
7291
1635317
74091
177510
75539
3096490
61648
352542
162723
63797
1500953
1477978
62741
352794
64590
66897
765512
784344
5744026
7374
7376
176832
3114671
391703
75269
179067
